100008243
834
1,288
100008192
100008373
6,705
3,173
100003950
4,984
4,464
100006795
6,381
6,407
5,861
100006443
5,895
3,841
4,213
7,070
100007059
100007093
3,955
100008002
5,278
12,851
100007602
4,851
100008341
6,427
2,135
5,092
100006683
100006665
5,127
4,644
100006997
100006753
3,332
6,608
100005254
100007329
6,663
3,734
6,506
5,915
4,554
100006313
6,785
100006707
3,742
100006616
100007855
100008033
100007361
100006885
100006968
2,134
100006880
100007857
1,276
100006713
100007827
100005810
100006677
100007753
2021121512573526186920
100006779
100007895
100008285
3,921
100007314
2,137
6,433
100008328
4,047
100008221
100006819
5,540
5,542
6,523
3,157
100007934
100007006
6,361
2,963
100006686
5,734
100007303
100006979
3,089
4,206
100007345
6,336
100006731
3,043
1,284
100007079
2,346
100007028
5,903
100007821
5,637
4,598
100007584
100007925
5,119
100007805
100006808
883
6,039
100007283
100008035
5,884
2021121006063212158218
5,395
100001062
3,849
100007603
873
6,769
7,310
3,142
5,561
6,952
3,842
5,740
100007908
100007469
100007065
100007250
5,968
4,968
7,168
100006625
100006907
6,762
3,010
100007325
6,375
6,823
100008249
100007552
100006733
100006846
100006978
100008113
100006663
100006837
3,738
100006775
100007952
100007265
6,448
6,621
2,521
100007978
4,676
100007020
100007078
100007667
100008140
100006874
100007132
3,641
7,159
2,440
100006701
100007571
5,602
100007979
100006676
2,804
5,622
6,168
3,014
5,438
4,957
100007313
100008205
5,656
100007902
6,613
5,532
4,158
6,945
3,475
100007580
5,508
4,065
6,805
3,017
3,833
100006809
5,783
100006872
5,356
4,311
6,835
6,807
100008406
100007741
100008393
100008430
5,842
100008469
